3 0.004
4 0.002
5 0.002
6 0.003
7 0.002
8 0.002
9 0.002
10 0.003
11 0.002
12 0.002
13 0.003
14 0.003
15 0.003
16 0.003
17 0.003
18 0.002
19 0.003
20 0.003
21 0.003
22 0.003
23 0.003
24 0.004
25 0.004
26 0.004
27 0.003
28 0.003
29 0.004
30 0.003
31 0.004
32 0.004
33 0.005
34 0.005
35 0.005
36 0.005
37 0.005
38 0.004
39 0.004
40 0.004
41 0.005
42 0.005
43 0.004
44 0.005
45 0.006
46 0.005
47 0.005
48 0.005
49 0.005
50 0.006
51 0.006
52 0.006
53 0.005
54 0.005
55 0.006
56 0.006
57 0.005
58 0.006
59 0.006
60 0.006
61 0.006
62 0.006
63 0.007
64 0.007
65 0.006
66 0.007
67 0.007
68 0.007
69 0.006
70 0.007
71 0.007
72 0.007
73 0.008
74 0.007
75 0.007
76 0.008
77 0.008
78 0.007
79 0.007
80 0.008
81 0.007
82 0.007
83 0.008
84 0.008
85 0.008
86 0.008
87 0.008
88 0.009
89 0.009
90 0.008
91 0.008
92 0.008
93 0.008
94 0.009
95 0.009
96 0.008
97 0.009
98 0.009
99 0.009
100 0.009
101 0.01
102 0.01
103 0.01
104 0.009
105 0.009
106 0.01
107 0.009
108 0.009
109 0.01
110 0.01
111 0.011
112 0.011
113 0.01
114 0.01
115 0.01
116 0.011
117 0.011
118 0.011
119 0.011
120 0.011
121 0.011
122 0.011
123 0.011
124 0.011
125 0.011
126 0.012
127 0.011
128 0.012
129 0.012
130 0.012
131 0.012
132 0.012
133 0.012
134 0.012
135 0.012
136 0.012
137 0.013
138 0.012
139 0.013
140 0.012
141 0.013
142 0.013
143 0.012
144 0.013
145 0.013
146 0.013
147 0.014
148 0.013
149 0.014
150 0.013
151 0.014
152 0.014
153 0.013
154 0.014
155 0.014
156 0.014
157 0.013
158 0.014
159 0.015
160 0.014
161 0.014
162 0.015
163 0.014
164 0.014
165 0.014
166 0.014
167 0.015
168 0.015
169 0.015
170 0.015
171 0.015
172 0.015
173 0.015
174 0.015
175 0.015
176 0.015
177 0.017
178 0.016
179 0.017
180 0.017
181 0.016
182 0.016
183 0.016
184 0.016
185 0.016
186 0.017
187 0.016
188 0.017
189 0.018
190 0.017
191 0.017
192 0.017
193 0.017
194 0.017
195 0.017
196 0.016
197 0.018
198 0.017
199 0.018
200 0.017
201 0.018
202 0.018
203 0.018
204 0.018
205 0.018
206 0.017
207 0.019
208 0.019
209 0.019
210 0.018
211 0.019
212 0.019
213 0.019
214 0.019
215 0.02
216 0.02
217 0.02
218 0.021
219 0.019
220 0.019
221 0.019
222 0.02
223 0.02
224 0.02
225 0.02
226 0.02
227 0.02
228 0.02
229 0.02
230 0.02
231 0.021
232 0.021
233 0.021
234 0.02
235 0.021
236 0.021
237 0.021
238 0.02
239 0.023
240 0.022
241 0.023
242 0.021
243 0.021
244 0.022
245 0.022
246 0.022
247 0.021
248 0.023
249 0.023
250 0.023
251 0.022
252 0.023
253 0.022
254 0.022
255 0.023
256 0.023
257 0.023
258 0.022
259 0.023
260 0.023
261 0.023
262 0.023
263 0.023
264 0.023
265 0.024
266 0.041
267 0.024
268 0.024
269 0.024
270 0.024
271 0.024
272 0.024
273 0.024
274 0.024
275 0.024
276 0.024
277 0.025
278 0.025
279 0.026
280 0.026
281 0.026
282 0.027
283 0.024
284 0.025
285 0.025
286 0.024
287 0.024
288 0.025
289 0.026
290 0.026
291 0.025
292 0.025
293 0.026
294 0.026
295 0.025
296 0.025
297 0.025
298 0.027
299 0.027
300 0.026
301 0.026
302 0.026
303 0.026
304 0.027
305 0.028
306 0.027
307 0.027
308 0.042
309 0.027
310 0.026
311 0.03
312 0.028
313 0.029
314 0.029
315 0.028
316 0.028
317 0.027
318 0.027
319 0.028
320 0.029
321 0.028
322 0.028
323 0.028
324 0.028
325 0.028
326 0.029
327 0.029
328 0.03
329 0.029
330 0.03
331 0.029
332 0.028
333 0.029
334 0.029
335 0.031
336 0.03
337 0.031
338 0.031
339 0.031
340 0.031
341 0.031
342 0.032
343 0.031
344 0.031
345 0.031
346 0.032
347 0.031
348 0.031
349 0.041
350 0.031
351 0.03
352 0.03
353 0.031
354 0.031
355 0.031
356 0.031
357 0.03
358 0.031
359 0.031
360 0.032
361 0.031
362 0.032
363 0.036
364 0.036
365 0.036
366 0.037
367 0.032
368 0.032
369 0.032
370 0.031
371 0.033
372 0.032
373 0.032
374 0.032
375 0.033
376 0.032
377 0.033
378 0.033
379 0.033
380 0.033
381 0.034
382 0.033
383 0.033
384 0.034
385 0.032
386 0.034
387 0.034
388 0.033
389 0.033
390 0.034
391 0.034
392 0.033
393 0.034
394 0.034
395 0.033
396 0.034
397 0.033
398 0.034
399 0.034
400 0.034
401 0.033
402 0.036
403 0.035
404 0.036
405 0.035
406 0.035
407 0.035
408 0.035
409 0.035
410 0.035
411 0.035
412 0.035
413 0.035
414 0.038
415 0.036
416 0.035
417 0.037
418 0.036
419 0.036
420 0.035
421 0.036
422 0.037
423 0.048
424 0.037
425 0.037
426 0.036
427 0.036
428 0.036
429 0.037
430 0.036
431 0.038
432 0.037
433 0.038
434 0.037
435 0.037
436 0.038
437 0.039
438 0.037
439 0.038
440 0.038
441 0.038
442 0.038
443 0.038
444 0.038
445 0.039
446 0.038
447 0.038
448 0.039
449 0.038
450 0.039
451 0.039
452 0.039
453 0.04
454 0.04
455 0.04
456 0.039
457 0.039
458 0.039
459 0.039
460 0.04
461 0.039
462 0.04
463 0.039
464 0.039
465 0.042
466 0.041
467 0.041
468 0.041
469 0.04
470 0.042
471 0.041
472 0.042
473 0.042
474 0.042
475 0.041
476 0.042
477 0.041
478 0.042
479 0.041
480 0.042
481 0.042
482 0.042
483 0.043
484 0.042
485 0.041
486 0.044
487 0.043
488 0.043
489 0.043
490 0.045
491 0.042
492 0.043
493 0.043
494 0.043
495 0.043
496 0.042
497 0.043
498 0.043
499 0.044
500 0.044
501 0.044
502 0.044
503 0.044
504 0.043
505 0.044
506 0.044
507 0.045
508 0.044
509 0.045
510 0.044
511 0.044
512 0.045
513 0.045
514 0.046
515 0.045
516 0.045
517 0.046
518 0.046
519 0.057
520 0.047
521 0.046
522 0.046
523 0.046
524 0.046
525 0.046
526 0.046
527 0.045
528 0.046
529 0.048
530 0.046
531 0.048
532 0.047
533 0.047
534 0.047
535 0.046
536 0.047
537 0.047
538 0.046
539 0.047
540 0.047
541 0.048
542 0.048
543 0.047
544 0.046
545 0.047
546 0.047
547 0.047
548 0.048
549 0.058
550 0.048
551 0.048
552 0.049
553 0.049
554 0.049
555 0.049
556 0.048
557 0.049
558 0.048
559 0.048
560 0.048
561 0.048
562 0.048
563 0.049
564 0.047
565 0.049
566 0.049
567 0.049
568 0.048
569 0.048
570 0.049
571 0.049
572 0.049
573 0.049
574 0.051
575 0.05
576 0.05
577 0.051
578 0.064
579 0.051
580 0.051
581 0.051
582 0.051
583 0.051
584 0.05
585 0.051
586 0.051
587 0.05
588 0.05
589 0.051
590 0.052
591 0.05
592 0.052
593 0.051
594 0.051
595 0.051
596 0.052
597 0.052
598 0.052
599 0.053
600 0.052
601 0.053
602 0.053
603 0.053
604 0.052
605 0.052
606 0.053
607 0.052
608 0.053
609 0.053
610 0.053
611 0.052
612 0.053
613 0.053
614 0.052
615 0.052
616 0.053
617 0.053
618 0.054
619 0.053
620 0.053
621 0.052
622 0.054
623 0.055
624 0.054
625 0.055
626 0.054
627 0.055
628 0.054
629 0.054
630 0.054
631 0.055
632 0.055
633 0.055
634 0.055
635 0.054
636 0.054
637 0.054
638 0.055
639 0.056
640 0.056
641 0.056
642 0.055
643 0.056
644 0.056
645 0.057
646 0.057
647 0.057
648 0.056
649 0.057
650 0.056
651 0.056
652 0.055
653 0.055
654 0.057
655 0.057
656 0.056
657 0.057
658 0.057
659 0.071
660 0.057
661 0.056
662 0.056
663 0.058
664 0.057
665 0.058
666 0.058
667 0.058
668 0.058
669 0.058
670 0.058
671 0.059
672 0.057
673 0.058
674 0.059
675 0.059
676 0.058
677 0.058
678 0.058
679 0.058
680 0.059
681 0.059
682 0.059
683 0.058
684 0.06
685 0.059
686 0.059
687 0.06
688 0.057
689 0.058
690 0.06
691 0.061
692 0.061
693 0.059
694 0.06
695 0.06
696 0.06
697 0.06
698 0.06
699 0.06
700 0.061
701 0.061
702 0.06
703 0.062
704 0.062
705 0.061
706 0.061
707 0.061
708 0.061
709 0.061
710 0.062
711 0.061
712 0.061
713 0.063
714 0.062
715 0.062
716 0.061
717 0.062
718 0.062
719 0.063
720 0.061
721 0.063
722 0.063
723 0.063
724 0.063
725 0.063
726 0.064
727 0.065
728 0.064
729 0.065
730 0.065
731 0.064
732 0.064
733 0.064
734 0.064
735 0.064
736 0.064
737 0.064
738 0.065
739 0.063
740 0.064
741 0.064
742 0.064
743 0.064
744 0.067
745 0.065
746 0.065
747 0.065
748 0.066
749 0.066
750 0.065
751 0.066
752 0.065
753 0.067
754 0.067
755 0.066
756 0.065
757 0.068
758 0.066
759 0.066
760 0.068
761 0.066
762 0.066
763 0.067
764 0.066
765 0.067
766 0.069
767 0.068
768 0.067
769 0.067
770 0.067
771 0.066
772 0.068
773 0.067
774 0.069
775 0.069
776 0.068
777 0.069
778 0.069
779 0.068
780 0.068
781 0.069
782 0.071
783 0.068
784 0.069
785 0.07
786 0.069
787 0.07
788 0.07
789 0.071
790 0.068
791 0.07
792 0.069
793 0.069
794 0.071
795 0.07
796 0.07
797 0.07
798 0.07
799 0.071
800 0.07
801 0.071
802 0.07
803 0.071
804 0.071
805 0.071
806 0.07
807 0.071
808 0.069
809 0.071
810 0.071
811 0.071
812 0.072
813 0.072
814 0.072
815 0.071
816 0.071
817 0.072
818 0.073
819 0.072
820 0.072
821 0.079
822 0.072
823 0.072
824 0.072
825 0.072
826 0.073
827 0.072
828 0.073
829 0.074
830 0.074
831 0.072
832 0.076
833 0.074
834 0.073
835 0.075
836 0.074
837 0.074
838 0.073
839 0.076
840 0.074
841 0.075
842 0.073
843 0.072
844 0.073
845 0.075
846 0.073
847 0.072
848 0.073
849 0.073
850 0.075
851 0.076
852 0.074
853 0.076
854 0.075
855 0.076
856 0.078
857 0.079
858 0.079
859 0.075
860 0.075
861 0.076
862 0.077
863 0.076
864 0.077
865 0.076
866 0.076
867 0.077
868 0.077
869 0.076
870 0.077
871 0.077
872 0.078
873 0.078
874 0.078
875 0.077
876 0.077
877 0.076
878 0.077
879 0.078
880 0.077
881 0.077
882 0.079
883 0.078
884 0.078
885 0.079
886 0.08
887 0.079
888 0.079
889 0.078
890 0.079
891 0.078
892 0.077
893 0.08
894 0.078
895 0.08
896 0.081
897 0.082
898 0.081
899 0.081
900 0.08
901 0.082
902 0.08
903 0.08
904 0.082
905 0.095
906 0.081
907 0.08
908 0.08
909 0.078
910 0.079
911 0.081
912 0.081
913 0.082
914 0.083
915 0.082
916 0.081
917 0.082
918 0.08
919 0.08
920 0.082
921 0.083
922 0.083
923 0.082
924 0.1
925 0.082
926 0.083
927 0.084
928 0.084
929 0.083
930 0.082
931 0.083
932 0.083
933 0.083
934 0.084
935 0.083
936 0.084
937 0.085
938 0.082
939 0.083
940 0.085
941 0.083
942 0.083
943 0.097
944 0.085
945 0.085
946 0.085
947 0.084
948 0.086
949 0.085
950 0.085
951 0.083
952 0.085
953 0.084
954 0.084
955 0.084
956 0.084
957 0.087
958 0.086
959 0.086
960 0.085
961 0.087
962 0.086
963 0.087
964 0.088
965 0.088
966 0.087
967 0.088
968 0.088
969 0.088
970 0.089
971 0.087
972 0.088
973 0.087
974 0.085
975 0.089
976 0.087
977 0.086
978 0.087
979 0.09
980 0.089
981 0.089
982 0.087
983 0.088
984 0.087
985 0.09
986 0.088
987 0.089
988 0.088
989 0.09
990 0.089
991 0.089
992 0.089
993 0.089
994 0.091
995 0.089
996 0.09
997 0.088
998 0.091
999 0.09
1000 0.092
1001 0.091
1002 0.091
1003 0.091
1004 0.091
1005 0.091
1006 0.091
1007 0.091
1008 0.091
1009 0.091
1010 0.091
1011 0.091
1012 0.092
1013 0.091
1014 0.093
1015 0.092
1016 0.09
1017 0.091
1018 0.092
1019 0.09
1020 0.093
1021 0.092
1022 0.091
1023 0.094
1024 0.093
1025 0.093
1026 0.093
1027 0.093
1028 0.093
1029 0.094
1030 0.094
1031 0.095
1032 0.108
1033 0.094
1034 0.095
1035 0.093
1036 0.094
1037 0.094
1038 0.094
1039 0.094
1040 0.094
1041 0.093
1042 0.096
1043 0.094
1044 0.093
1045 0.096
1046 0.094
1047 0.096
1048 0.095
1049 0.097
1050 0.095
1051 0.096
1052 0.095
1053 0.095
1054 0.096
1055 0.093
1056 0.096
1057 0.095
1058 0.096
1059 0.095
1060 0.095
1061 0.094
1062 0.096
1063 0.096
1064 0.096
1065 0.097
1066 0.097
1067 0.097
1068 0.098
1069 0.094
1070 0.097
1071 0.098
1072 0.099
1073 0.095
1074 0.095
1075 0.097
1076 0.096
1077 0.097
1078 0.098
1079 0.097
1080 0.095
1081 0.097
1082 0.096
1083 0.095
1084 0.098
1085 0.097
1086 0.095
1087 0.098
1088 0.097
1089 0.099
1090 0.099
1091 0.098
1092 0.099
1093 0.098
1094 0.097
1095 0.1
1096 0.1
1097 0.1
1098 0.099
1099 0.106
1100 0.1
1101 0.099
1102 0.099
1103 0.099
1104 0.097
1105 0.1
1106 0.098
1107 0.098
1108 0.098
1109 0.099
1110 0.101
1111 0.103
1112 0.104
1113 0.104
1114 0.105
1115 0.1
1116 0.101
1117 0.101
1118 0.1
1119 0.098
1120 0.1
1121 0.1
1122 0.101
1123 0.101
1124 0.1
1125 0.1
1126 0.101
1127 0.1
1128 0.101
1129 0.102
1130 0.101
1131 0.101
1132 0.101
1133 0.101
1134 0.101
1135 0.101
1136 0.102
1137 0.102
1138 0.103
1139 0.102
1140 0.101
1141 0.102
1142 0.102
1143 0.102
1144 0.102
1145 0.101
1146 0.101
1147 0.105
1148 0.101
1149 0.102
1150 0.104
1151 0.104
1152 0.104
1153 0.104
1154 0.105
1155 0.105
1156 0.105
1157 0.105
1158 0.105
1159 0.106
1160 0.105
1161 0.106
1162 0.103
1163 0.111
1164 0.102
1165 0.104
1166 0.103
1167 0.103
1168 0.102
1169 0.105
1170 0.105
1171 0.106
1172 0.106
1173 0.106
1174 0.104
1175 0.104
1176 0.106
1177 0.106
1178 0.108
1179 0.118
1180 0.107
1181 0.106
1182 0.105
1183 0.106
1184 0.106
1185 0.107
1186 0.107
1187 0.107
1188 0.106
1189 0.106
1190 0.107
1191 0.107
1192 0.108
1193 0.108
1194 0.108
1195 0.108
1196 0.119
1197 0.105
1198 0.106
1199 0.106
1200 0.109
1201 0.107
1202 0.108
1203 0.107
1204 0.108
1205 0.109
1206 0.108
1207 0.11
1208 0.108
1209 0.109
1210 0.106
1211 0.111
1212 0.116
1213 0.109
1214 0.11
1215 0.11
1216 0.109
1217 0.108
1218 0.11
1219 0.109
1220 0.109
1221 0.11
1222 0.109
1223 0.11
1224 0.11
1225 0.111
1226 0.111
1227 0.112
1228 0.112
1229 0.109
1230 0.109
1231 0.111
1232 0.11
1233 0.112
1234 0.112
1235 0.112
1236 0.111
1237 0.112
1238 0.112
1239 0.117
1240 0.114
1241 0.119
1242 0.116
1243 0.111
1244 0.113
1245 0.115
1246 0.111
1247 0.114
1248 0.114
1249 0.113
1250 0.113
1251 0.112
1252 0.114
1253 0.113
1254 0.115
1255 0.113
1256 0.113
1257 0.112
1258 0.114
1259 0.115
1260 0.112
1261 0.115
1262 0.114
1263 0.114
1264 0.113
1265 0.112
1266 0.111
1267 0.114
1268 0.114
1269 0.115
1270 0.115
1271 0.114
1272 0.114
1273 0.114
1274 0.131
1275 0.115
1276 0.116
1277 0.114
1278 0.114
1279 0.117
1280 0.116
1281 0.116
1282 0.117
1283 0.117
1284 0.117
1285 0.116
1286 0.116
1287 0.117
1288 0.118
1289 0.127
1290 0.119
1291 0.117
1292 0.114
1293 0.116
1294 0.117
1295 0.117
1296 0.115
1297 0.117
1298 0.117
1299 0.118
1300 0.119
1301 0.117
1302 0.116
1303 0.121
1304 0.121
1305 0.122
1306 0.122
1307 0.118
1308 0.117
1309 0.117
1310 0.117
1311 0.117
1312 0.12
1313 0.119
1314 0.119
1315 0.116
1316 0.117
1317 0.118
1318 0.117
1319 0.117
1320 0.119
1321 0.119
1322 0.119
1323 0.117
1324 0.117
1325 0.117
1326 0.117
1327 0.118
1328 0.119
1329 0.12
1330 0.118
1331 0.12
1332 0.121
1333 0.121
1334 0.12
1335 0.125
1336 0.127
1337 0.123
1338 0.124
1339 0.119
1340 0.121
1341 0.118
1342 0.122
1343 0.119
1344 0.122
1345 0.121
1346 0.122
1347 0.12
1348 0.123
1349 0.128
1350 0.119
1351 0.125
1352 0.124
1353 0.125
1354 0.124
1355 0.122
1356 0.121
1357 0.119
1358 0.123
1359 0.127
1360 0.124
1361 0.127
1362 0.125
1363 0.125
1364 0.128
1365 0.128
1366 0.127
1367 0.133
1368 0.132
1369 0.129
1370 0.133
1371 0.126
1372 0.126
1373 0.126
1374 0.126
1375 0.124
1376 0.124
1377 0.124
1378 0.131
1379 0.126
1380 0.124
1381 0.124
1382 0.124
1383 0.124
1384 0.126
1385 0.125
1386 0.124
1387 0.145
1388 0.143
1389 0.147
1390 0.141
1391 0.126
1392 0.141
1393 0.124
1394 0.129
1395 0.124
1396 0.126
1397 0.126
1398 0.127
1399 0.126
1400 0.126
1401 0.126
1402 0.126
1403 0.127
1404 0.126
1405 0.124
1406 0.143
1407 0.128
1408 0.128
1409 0.128
1410 0.129
1411 0.127
1412 0.13
1413 0.127
1414 0.129
1415 0.13
1416 0.13
1417 0.131
1418 0.13
1419 0.129
1420 0.14
1421 0.13
1422 0.127
1423 0.13
1424 0.128
1425 0.131
1426 0.13
1427 0.13
1428 0.128
1429 0.131
1430 0.128
1431 0.133
1432 0.13
1433 0.129
1434 0.14
1435 0.131
1436 0.13
1437 0.129
1438 0.13
1439 0.128
1440 0.131
1441 0.129
1442 0.131
1443 0.129
1444 0.128
1445 0.131
1446 0.13
1447 0.132
1448 0.13
1449 0.131
1450 0.132
1451 0.132
1452 0.131
1453 0.131
1454 0.128
1455 0.131
1456 0.133
1457 0.131
1458 0.134
1459 0.132
1460 0.13
1461 0.179
1462 0.133
1463 0.132
1464 0.133
1465 0.134
1466 0.133
1467 0.134
1468 0.134
1469 0.135
1470 0.133
1471 0.134
1472 0.134
1473 0.135
1474 0.134
1475 0.136
1476 0.136
1477 0.134
1478 0.133
1479 0.137
1480 0.137
1481 0.136
1482 0.137
1483 0.134
1484 0.135
1485 0.134
1486 0.137
1487 0.137
1488 0.146
1489 0.134
1490 0.133
1491 0.136
1492 0.134
1493 0.135
1494 0.138
1495 0.138
1496 0.139
1497 0.138
1498 0.139
1499 0.136
1500 0.135
1501 0.136
1502 0.136
1503 0.137
1504 0.137
1505 0.138
1506 0.137
1507 0.136
1508 0.142
1509 0.14
1510 0.139
1511 0.136
1512 0.139
1513 0.139
1514 0.137
1515 0.139
1516 0.136
1517 0.137
1518 0.136
1519 0.136
1520 0.136
1521 0.139
1522 0.136
1523 0.138
1524 0.139
1525 0.138
1526 0.139
1527 0.139
1528 0.14
1529 0.14
1530 0.139
1531 0.139
1532 0.138
1533 0.138
1534 0.139
1535 0.142
1536 0.142
1537 0.143
1538 0.141
1539 0.141
1540 0.141
1541 0.143
1542 0.142
1543 0.144
1544 0.144
1545 0.144
1546 0.143
1547 0.138
1548 0.142
1549 0.141
1550 0.144
1551 0.144
1552 0.143
1553 0.145
1554 0.143
1555 0.142
1556 0.142
1557 0.144
1558 0.144
1559 0.143
1560 0.144
1561 0.142
1562 0.144
1563 0.143
1564 0.143
1565 0.145
1566 0.155
1567 0.142
1568 0.144
1569 0.145
1570 0.143
1571 0.143
1572 0.144
1573 0.143
1574 0.145
1575 0.145
1576 0.145
1577 0.144
1578 0.146
1579 0.146
1580 0.144
1581 0.146
1582 0.144
1583 0.145
1584 0.147
1585 0.146
1586 0.145
1587 0.146
1588 0.145
1589 0.145
1590 0.145
1591 0.145
1592 0.145
1593 0.146
1594 0.146
1595 0.147
1596 0.145
1597 0.145
1598 0.145
1599 0.144
1600 0.146
1601 0.148
1602 0.149
1603 0.146
1604 0.165
1605 0.149
1606 0.148
1607 0.148
1608 0.151
1609 0.15
1610 0.149
1611 0.144
1612 0.145
1613 0.147
1614 0.149
1615 0.147
1616 0.157
1617 0.147
1618 0.149
1619 0.151
1620 0.146
1621 0.147
1622 0.147
1623 0.147
1624 0.149
1625 0.151
1626 0.148
1627 0.148
1628 0.149
1629 0.148
1630 0.147
1631 0.151
1632 0.15
1633 0.15
1634 0.147
1635 0.149
1636 0.147
1637 0.149
1638 0.15
1639 0.152
1640 0.151
1641 0.166
1642 0.148
1643 0.149
1644 0.154
1645 0.153
1646 0.152
1647 0.151
1648 0.152
1649 0.148
1650 0.151
1651 0.152
1652 0.151
1653 0.161
1654 0.152
1655 0.149
1656 0.151
1657 0.149
1658 0.152
1659 0.149
1660 0.15
1661 0.153
1662 0.153
1663 0.153
1664 0.155
1665 0.162
1666 0.154
1667 0.157
1668 0.157
1669 0.157
1670 0.155
1671 0.151
1672 0.153
1673 0.156
1674 0.156
1675 0.155
1676 0.154
1677 0.168
1678 0.155
1679 0.157
1680 0.155
1681 0.151
1682 0.157
1683 0.156
1684 0.153
1685 0.152
1686 0.158
1687 0.153
1688 0.154
1689 0.168
1690 0.154
1691 0.154
1692 0.154
1693 0.155
1694 0.154
1695 0.155
1696 0.156
1697 0.159
1698 0.157
1699 0.157
1700 0.156
1701 0.154
1702 0.154
1703 0.157
1704 0.158
1705 0.157
1706 0.158
1707 0.159
1708 0.155
1709 0.158
1710 0.154
1711 0.153
1712 0.159
1713 0.159
1714 0.16
1715 0.159
1716 0.155
1717 0.155
1718 0.158
1719 0.159
1720 0.16
1721 0.158
1722 0.157
1723 0.16
1724 0.159
1725 0.161
1726 0.156
1727 0.159
1728 0.16
1729 0.159
1730 0.16
1731 0.159
1732 0.163
1733 0.16
1734 0.161
1735 0.162
1736 0.17
1737 0.163
1738 0.161
1739 0.161
1740 0.159
1741 0.161
1742 0.163
1743 0.162
1744 0.161
1745 0.164
1746 0.16
1747 0.164
1748 0.162
1749 0.166
1750 0.161
1751 0.164
1752 0.164
1753 0.164
1754 0.164
1755 0.16
1756 0.163
1757 0.16
1758 0.16
1759 0.172
1760 0.165
1761 0.162
1762 0.163
1763 0.162
1764 0.162
1765 0.162
1766 0.161
1767 0.161
1768 0.163
1769 0.161
1770 0.165
1771 0.165
1772 0.167
1773 0.162
1774 0.162
1775 0.165
1776 0.165
1777 0.163
1778 0.164
1779 0.164
1780 0.164
1781 0.165
1782 0.163
1783 0.163
1784 0.166
1785 0.167
1786 0.166
1787 0.166
1788 0.163
1789 0.164
1790 0.167
1791 0.166
1792 0.167
1793 0.175
1794 0.166
1795 0.167
1796 0.169
1797 0.168
1798 0.168
1799 0.165
1800 0.169
1801 0.168
1802 0.168
1803 0.169
1804 0.173
1805 0.168
1806 0.169
1807 0.165
1808 0.165
1809 0.164
1810 0.17
1811 0.17
1812 0.17
1813 0.171
1814 0.169
1815 0.179
1816 0.169
1817 0.171
1818 0.166
1819 0.169
1820 0.169
1821 0.17
1822 0.171
1823 0.169
1824 0.17
1825 0.168
1826 0.177
1827 0.168
1828 0.168
1829 0.168
1830 0.168
1831 0.17
1832 0.17
1833 0.172
1834 0.168
1835 0.168
1836 0.169
1837 0.168
1838 0.167
1839 0.168
1840 0.17
1841 0.173
1842 0.172
1843 0.171
1844 0.171
1845 0.17
1846 0.171
1847 0.171
1848 0.184
1849 0.172
1850 0.173
1851 0.169
1852 0.174
1853 0.17
1854 0.17
1855 0.173
1856 0.172
1857 0.173
1858 0.174
1859 0.184
1860 0.175
1861 0.176
1862 0.174
1863 0.176
1864 0.171
1865 0.176
1866 0.172
1867 0.171
1868 0.168
1869 0.172
1870 0.185
1871 0.171
1872 0.175
1873 0.173
1874 0.175
1875 0.18
1876 0.175
1877 0.178
1878 0.172
1879 0.182
1880 0.178
1881 0.193
1882 0.18
1883 0.176
1884 0.177
1885 0.176
1886 0.174
1887 0.176
1888 0.176
1889 0.177
1890 0.176
1891 0.175
1892 0.178
1893 0.175
1894 0.172
1895 0.181
1896 0.175
1897 0.175
1898 0.178
1899 0.179
1900 0.175
1901 0.177
1902 0.191
1903 0.183
1904 0.18
1905 0.183
1906 0.183
1907 0.18
1908 0.177
1909 0.182
1910 0.182
1911 0.182
1912 0.182
1913 0.18
1914 0.185
1915 0.184
1916 0.184
1917 0.178
1918 0.184
1919 0.181
1920 0.18
1921 0.182
1922 0.187
1923 0.183
1924 0.183
1925 0.185
1926 0.184
1927 0.185
1928 0.184
1929 0.186
1930 0.183
1931 0.183
1932 0.186
1933 0.18
1934 0.183
1935 0.186
1936 0.188
1937 0.188
1938 0.183
1939 0.187
1940 0.189
1941 0.185
1942 0.187
1943 0.193
1944 0.182
1945 0.182
1946 0.185
1947 0.179
1948 0.183
1949 0.181
1950 0.18
1951 0.183
1952 0.184
1953 0.194
1954 0.182
1955 0.182
1956 0.181
1957 0.183
1958 0.18
1959 0.184
1960 0.181
1961 0.181
1962 0.186
1963 0.189
1964 0.182
1965 0.186
1966 0.181
1967 0.185
1968 0.183
1969 0.186
1970 0.186
1971 0.183
1972 0.184
1973 0.185
1974 0.185
1975 0.184
1976 0.183
1977 0.183
1978 0.183
1979 0.186
1980 0.183
1981 0.184
1982 0.182
1983 0.184
1984 0.186
1985 0.185
1986 0.184
1987 0.19
1988 0.19
1989 0.189
1990 0.188
1991 0.19
1992 0.19
1993 0.187
1994 0.186
1995 0.188
1996 0.189
1997 0.19
1998 0.188
1999 0.191
2000 0.191
2001 0.189
2002 0.188
2003 0.19
2004 0.191
2005 0.187
2006 0.192
2007 0.188
2008 0.194
2009 0.192
2010 0.19
2011 0.189
2012 0.188
2013 0.188
2014 0.189
2015 0.191
2016 0.191
2017 0.194
2018 0.192
2019 0.189
2020 0.188
2021 0.189
2022 0.189
2023 0.193
2024 0.193
2025 0.192
2026 0.192
2027 0.191
2028 0.193
2029 0.195
2030 0.191
2031 0.192
2032 0.194
2033 0.188
2034 0.192
2035 0.192
2036 0.193
2037 0.193
2038 0.195
2039 0.195
2040 0.192
2041 0.192
2042 0.194
2043 0.191
2044 0.195
2045 0.192
2046 0.191
2047 0.194
