3 0.002
4 0.002
5 0.002
6 0.001
7 0.001
8 0.002
9 0.002
10 0.002
11 0.002
12 0.002
13 0.002
14 0.002
15 0.002
16 0.003
17 0.002
18 0.003
19 0.002
20 0.003
21 0.002
22 0.003
23 0.003
24 0.003
25 0.002
26 0.002
27 0.003
28 0.003
29 0.003
30 0.003
31 0.003
32 0.003
33 0.003
34 0.003
35 0.003
36 0.003
37 0.003
38 0.003
39 0.004
40 0.003
41 0.004
42 0.004
43 0.004
44 0.004
45 0.004
46 0.004
47 0.004
48 0.004
49 0.049
50 0.005
51 0.005
52 0.004
53 0.004
54 0.005
55 0.004
56 0.005
57 0.004
58 0.005
59 0.005
60 0.005
61 0.005
62 0.005
63 0.005
64 0.005
65 0.005
66 0.005
67 0.004
68 0.005
69 0.006
70 0.005
71 0.005
72 0.005
73 0.006
74 0.027
75 0.005
76 0.005
77 0.006
78 0.006
79 0.005
80 0.005
81 0.006
82 0.006
83 0.006
84 0.006
85 0.006
86 0.006
87 0.006
88 0.006
89 0.006
90 0.006
91 0.007
92 0.007
93 0.006
94 0.007
95 0.006
96 0.007
97 0.007
98 0.007
99 0.007
100 0.007
101 0.007
102 0.007
103 0.007
104 0.007
105 0.008
106 0.008
107 0.007
108 0.008
109 0.007
110 0.007
111 0.007
112 0.007
113 0.007
114 0.008
115 0.008
116 0.008
117 0.008
118 0.008
119 0.008
120 0.008
121 0.008
122 0.009
123 0.008
124 0.008
125 0.009
126 0.009
127 0.009
128 0.009
129 0.009
130 0.009
131 0.009
132 0.009
133 0.009
134 0.009
135 0.009
136 0.009
137 0.009
138 0.009
139 0.009
140 0.009
141 0.01
142 0.009
143 0.009
144 0.009
145 0.01
146 0.01
147 0.01
148 0.01
149 0.01
150 0.01
151 0.01
152 0.011
153 0.01
154 0.01
155 0.01
156 0.01
157 0.011
158 0.01
159 0.01
160 0.01
161 0.01
162 0.011
163 0.011
164 0.011
165 0.031
166 0.011
167 0.012
168 0.011
169 0.012
170 0.012
171 0.011
172 0.011
173 0.012
174 0.011
175 0.012
176 0.011
177 0.012
178 0.011
179 0.012
180 0.012
181 0.012
182 0.012
183 0.012
184 0.012
185 0.012
186 0.012
187 0.012
188 0.012
189 0.012
190 0.012
191 0.012
192 0.012
193 0.013
194 0.012
195 0.012
196 0.013
197 0.013
198 0.012
199 0.013
200 0.013
201 0.013
202 0.013
203 0.013
204 0.013
205 0.013
206 0.014
207 0.013
208 0.013
209 0.013
210 0.014
211 0.013
212 0.014
213 0.014
214 0.013
215 0.013
216 0.014
217 0.014
218 0.014
219 0.014
220 0.014
221 0.015
222 0.014
223 0.014
224 0.015
225 0.015
226 0.015
227 0.014
228 0.015
229 0.015
230 0.015
231 0.015
232 0.015
233 0.015
234 0.015
235 0.015
236 0.015
237 0.016
238 0.015
239 0.015
240 0.016
241 0.016
242 0.016
243 0.016
244 0.016
245 0.016
246 0.016
247 0.016
248 0.017
249 0.016
250 0.016
251 0.017
252 0.017
253 0.017
254 0.017
255 0.016
256 0.017
257 0.017
258 0.017
259 0.017
260 0.016
261 0.017
262 0.017
263 0.017
264 0.017
265 0.017
266 0.018
267 0.018
268 0.018
269 0.017
270 0.018
271 0.018
272 0.018
273 0.018
274 0.017
275 0.018
276 0.018
277 0.018
278 0.018
279 0.018
280 0.018
281 0.019
282 0.018
283 0.018
284 0.018
285 0.019
286 0.018
287 0.018
288 0.018
289 0.019
290 0.018
291 0.019
292 0.019
293 0.019
294 0.019
295 0.019
296 0.019
297 0.019
298 0.02
299 0.019
300 0.019
301 0.019
302 0.02
303 0.019
304 0.02
305 0.02
306 0.02
307 0.019
308 0.02
309 0.019
310 0.02
311 0.02
312 0.02
313 0.021
314 0.02
315 0.02
316 0.02
317 0.021
318 0.021
319 0.02
320 0.021
321 0.02
322 0.021
323 0.021
324 0.021
325 0.021
326 0.021
327 0.022
328 0.021
329 0.022
330 0.021
331 0.022
332 0.021
333 0.021
334 0.022
335 0.022
336 0.022
337 0.022
338 0.022
339 0.023
340 0.022
341 0.023
342 0.022
343 0.022
344 0.022
345 0.023
346 0.023
347 0.023
348 0.023
349 0.022
350 0.023
351 0.023
352 0.023
353 0.023
354 0.023
355 0.023
356 0.024
357 0.023
358 0.023
359 0.023
360 0.023
361 0.024
362 0.024
363 0.024
364 0.024
365 0.024
366 0.024
367 0.024
368 0.024
369 0.024
370 0.024
371 0.024
372 0.024
373 0.024
374 0.024
375 0.024
376 0.025
377 0.025
378 0.025
379 0.025
380 0.025
381 0.025
382 0.025
383 0.025
384 0.025
385 0.025
386 0.025
387 0.039
388 0.026
389 0.024
390 0.026
391 0.024
392 0.025
393 0.025
394 0.025
395 0.026
396 0.026
397 0.025
398 0.025
399 0.026
400 0.025
401 0.025
402 0.026
403 0.026
404 0.026
405 0.027
406 0.026
407 0.027
408 0.027
409 0.027
410 0.026
411 0.027
412 0.026
413 0.027
414 0.026
415 0.027
416 0.027
417 0.027
418 0.027
419 0.027
420 0.028
421 0.027
422 0.027
423 0.028
424 0.027
425 0.028
426 0.028
427 0.027
428 0.028
429 0.028
430 0.027
431 0.028
432 0.028
433 0.028
434 0.028
435 0.028
436 0.029
437 0.029
438 0.028
439 0.028
440 0.027
441 0.029
442 0.029
443 0.028
444 0.028
445 0.029
446 0.029
447 0.029
448 0.029
449 0.029
450 0.029
451 0.028
452 0.03
453 0.029
454 0.029
455 0.03
456 0.04
457 0.031
458 0.03
459 0.029
460 0.03
461 0.031
462 0.031
463 0.03
464 0.03
465 0.03
466 0.03
467 0.031
468 0.029
469 0.031
470 0.03
471 0.03
472 0.031
473 0.031
474 0.031
475 0.031
476 0.031
477 0.031
478 0.031
479 0.032
480 0.031
481 0.03
482 0.032
483 0.032
484 0.032
485 0.032
486 0.032
487 0.032
488 0.032
489 0.032
490 0.032
491 0.033
492 0.031
493 0.032
494 0.032
495 0.031
496 0.033
497 0.032
498 0.033
499 0.033
500 0.034
501 0.034
502 0.034
503 0.033
504 0.033
505 0.033
506 0.034
507 0.034
508 0.034
509 0.033
510 0.034
511 0.034
512 0.033
513 0.034
514 0.035
515 0.033
516 0.034
517 0.034
518 0.034
519 0.034
520 0.034
521 0.034
522 0.034
523 0.035
524 0.034
525 0.034
526 0.033
527 0.035
528 0.035
529 0.034
530 0.035
531 0.035
532 0.035
533 0.035
534 0.035
535 0.035
536 0.034
537 0.035
538 0.035
539 0.036
540 0.035
541 0.036
542 0.036
543 0.034
544 0.035
545 0.036
546 0.035
547 0.036
548 0.036
549 0.036
550 0.036
551 0.036
552 0.036
553 0.036
554 0.036
555 0.034
556 0.036
557 0.037
558 0.037
559 0.036
560 0.036
561 0.037
562 0.035
563 0.037
564 0.037
565 0.035
566 0.037
567 0.035
568 0.036
569 0.037
570 0.037
571 0.037
572 0.037
573 0.037
574 0.035
575 0.036
576 0.038
577 0.037
578 0.038
579 0.037
580 0.038
581 0.038
582 0.038
583 0.038
584 0.038
585 0.037
586 0.039
587 0.038
588 0.038
589 0.039
590 0.039
591 0.039
592 0.039
593 0.038
594 0.038
595 0.039
596 0.039
597 0.039
598 0.039
599 0.039
600 0.039
601 0.039
602 0.04
603 0.039
604 0.039
605 0.039
606 0.039
607 0.04
608 0.04
609 0.04
610 0.04
611 0.039
612 0.039
613 0.04
614 0.04
615 0.041
616 0.04
617 0.04
618 0.04
619 0.04
620 0.041
621 0.041
622 0.04
623 0.04
624 0.041
625 0.041
626 0.041
627 0.041
628 0.041
629 0.041
630 0.041
631 0.041
632 0.041
633 0.041
634 0.041
635 0.041
636 0.042
637 0.042
638 0.041
639 0.042
640 0.042
641 0.042
642 0.042
643 0.041
644 0.042
645 0.042
646 0.042
647 0.042
648 0.043
649 0.04
650 0.043
651 0.042
652 0.042
653 0.042
654 0.043
655 0.042
656 0.042
657 0.043
658 0.042
659 0.042
660 0.043
661 0.043
662 0.044
663 0.043
664 0.044
665 0.041
666 0.043
667 0.044
668 0.044
669 0.044
670 0.044
671 0.044
672 0.043
673 0.041
674 0.044
675 0.044
676 0.044
677 0.044
678 0.045
679 0.044
680 0.045
681 0.045
682 0.044
683 0.045
684 0.053
685 0.044
686 0.045
687 0.045
688 0.045
689 0.045
690 0.045
691 0.045
692 0.046
693 0.045
694 0.045
695 0.045
696 0.045
697 0.046
698 0.046
699 0.045
700 0.046
701 0.046
702 0.046
703 0.044
704 0.046
705 0.047
706 0.046
707 0.046
708 0.046
709 0.055
710 0.046
711 0.046
712 0.047
713 0.047
714 0.047
715 0.048
716 0.047
717 0.048
718 0.047
719 0.047
720 0.048
721 0.047
722 0.047
723 0.047
724 0.047
725 0.047
726 0.047
727 0.047
728 0.048
729 0.047
730 0.049
731 0.048
732 0.049
733 0.048
734 0.049
735 0.048
736 0.048
737 0.048
738 0.048
739 0.049
740 0.049
741 0.049
742 0.049
743 0.05
744 0.049
745 0.049
746 0.049
747 0.049
748 0.049
749 0.05
750 0.049
751 0.05
752 0.049
753 0.05
754 0.049
755 0.048
756 0.05
757 0.049
758 0.05
759 0.05
760 0.05
761 0.05
762 0.05
763 0.052
764 0.05
765 0.051
766 0.051
767 0.05
768 0.05
769 0.05
770 0.05
771 0.051
772 0.051
773 0.05
774 0.051
775 0.052
776 0.052
777 0.051
778 0.052
779 0.052
780 0.052
781 0.052
782 0.051
783 0.053
784 0.052
785 0.051
786 0.053
787 0.052
788 0.052
789 0.052
790 0.052
791 0.053
792 0.053
793 0.052
794 0.053
795 0.051
796 0.053
797 0.052
798 0.053
799 0.052
800 0.053
801 0.053
802 0.053
803 0.053
804 0.054
805 0.053
806 0.054
807 0.053
808 0.054
809 0.053
810 0.054
811 0.054
812 0.054
813 0.054
814 0.055
815 0.051
816 0.054
817 0.054
818 0.055
819 0.054
820 0.055
821 0.055
822 0.055
823 0.052
824 0.065
825 0.054
826 0.054
827 0.055
828 0.054
829 0.055
830 0.055
831 0.055
832 0.055
833 0.056
834 0.056
835 0.054
836 0.055
837 0.056
838 0.056
839 0.054
840 0.055
841 0.053
842 0.053
843 0.056
844 0.056
845 0.056
846 0.056
847 0.056
848 0.056
849 0.056
850 0.056
851 0.056
852 0.056
853 0.057
854 0.057
855 0.057
856 0.057
857 0.057
858 0.057
859 0.057
860 0.057
861 0.057
862 0.057
863 0.058
864 0.057
865 0.071
866 0.058
867 0.058
868 0.059
869 0.058
870 0.058
871 0.057
872 0.058
873 0.058
874 0.059
875 0.059
876 0.059
877 0.059
878 0.058
879 0.059
880 0.059
881 0.059
882 0.059
883 0.059
884 0.059
885 0.059
886 0.06
887 0.058
888 0.058
889 0.059
890 0.059
891 0.06
892 0.061
893 0.061
894 0.06
895 0.06
896 0.058
897 0.06
898 0.06
899 0.061
900 0.06
901 0.061
902 0.058
903 0.06
904 0.061
905 0.061
906 0.061
907 0.06
908 0.061
909 0.061
910 0.06
911 0.06
912 0.061
913 0.061
914 0.061
915 0.062
916 0.061
917 0.061
918 0.062
919 0.061
920 0.061
921 0.061
922 0.061
923 0.061
924 0.062
925 0.058
926 0.062
927 0.06
928 0.062
929 0.062
930 0.062
931 0.063
932 0.063
933 0.063
934 0.063
935 0.063
936 0.063
937 0.063
938 0.063
939 0.063
940 0.063
941 0.059
942 0.063
943 0.063
944 0.063
945 0.063
946 0.064
947 0.064
948 0.064
949 0.064
950 0.064
951 0.064
952 0.064
953 0.064
954 0.064
955 0.064
956 0.064
957 0.064
958 0.064
959 0.064
960 0.066
961 0.109
962 0.064
963 0.064
964 0.065
965 0.065
966 0.062
967 0.065
968 0.065
969 0.067
970 0.066
971 0.066
972 0.066
973 0.066
974 0.066
975 0.066
976 0.066
977 0.066
978 0.063
979 0.08
980 0.066
981 0.066
982 0.066
983 0.066
984 0.066
985 0.066
986 0.067
987 0.064
988 0.067
989 0.067
990 0.068
991 0.063
992 0.068
993 0.068
994 0.068
995 0.068
996 0.068
997 0.069
998 0.068
999 0.068
1000 0.069
1001 0.069
1002 0.068
1003 0.068
1004 0.069
1005 0.069
1006 0.069
1007 0.068
1008 0.069
1009 0.07
1010 0.069
1011 0.07
1012 0.07
1013 0.07
1014 0.079
1015 0.069
1016 0.069
1017 0.069
1018 0.069
1019 0.069
1020 0.07
1021 0.07
1022 0.069
1023 0.07
1024 0.067
1025 0.069
1026 0.07
1027 0.07
1028 0.067
1029 0.07
1030 0.07
1031 0.071
1032 0.07
1033 0.07
1034 0.07
1035 0.072
1036 0.071
1037 0.071
1038 0.07
1039 0.071
1040 0.071
1041 0.071
1042 0.071
1043 0.072
1044 0.071
1045 0.071
1046 0.071
1047 0.071
1048 0.072
1049 0.072
1050 0.072
1051 0.072
1052 0.072
1053 0.072
1054 0.072
1055 0.072
1056 0.068
1057 0.072
1058 0.072
1059 0.073
1060 0.072
1061 0.072
1062 0.072
1063 0.073
1064 0.073
1065 0.074
1066 0.073
1067 0.072
1068 0.069
1069 0.073
1070 0.073
1071 0.073
1072 0.074
1073 0.073
1074 0.074
1075 0.073
1076 0.073
1077 0.073
1078 0.073
1079 0.073
1080 0.072
1081 0.074
1082 0.086
1083 0.073
1084 0.074
1085 0.075
1086 0.074
1087 0.073
1088 0.073
1089 0.074
1090 0.075
1091 0.074
1092 0.073
1093 0.074
1094 0.074
1095 0.075
1096 0.074
1097 0.076
1098 0.075
1099 0.073
1100 0.075
1101 0.075
1102 0.074
1103 0.075
1104 0.075
1105 0.075
1106 0.075
1107 0.075
1108 0.075
1109 0.075
1110 0.075
1111 0.076
1112 0.076
1113 0.075
1114 0.073
1115 0.072
1116 0.076
1117 0.076
1118 0.076
1119 0.076
1120 0.075
1121 0.076
1122 0.075
1123 0.077
1124 0.077
1125 0.077
1126 0.077
1127 0.077
1128 0.077
1129 0.076
1130 0.077
1131 0.089
1132 0.078
1133 0.076
1134 0.077
1135 0.077
1136 0.077
1137 0.077
1138 0.078
1139 0.075
1140 0.078
1141 0.077
1142 0.078
1143 0.078
1144 0.075
1145 0.078
1146 0.078
1147 0.086
1148 0.077
1149 0.078
1150 0.078
1151 0.076
1152 0.079
1153 0.078
1154 0.079
1155 0.078
1156 0.078
1157 0.078
1158 0.078
1159 0.079
1160 0.08
1161 0.079
1162 0.08
1163 0.08
1164 0.075
1165 0.078
1166 0.079
1167 0.079
1168 0.08
1169 0.08
1170 0.079
1171 0.079
1172 0.08
1173 0.08
1174 0.079
1175 0.08
1176 0.081
1177 0.081
1178 0.081
1179 0.079
1180 0.08
1181 0.08
1182 0.08
1183 0.078
1184 0.08
1185 0.08
1186 0.08
1187 0.081
1188 0.081
1189 0.077
1190 0.076
1191 0.081
1192 0.08
1193 0.081
1194 0.081
1195 0.081
1196 0.081
1197 0.081
1198 0.081
1199 0.081
1200 0.082
1201 0.08
1202 0.083
1203 0.082
1204 0.081
1205 0.082
1206 0.082
1207 0.083
1208 0.083
1209 0.083
1210 0.083
1211 0.082
1212 0.081
1213 0.082
1214 0.082
1215 0.082
1216 0.077
1217 0.082
1218 0.083
1219 0.083
1220 0.082
1221 0.079
1222 0.082
1223 0.082
1224 0.083
1225 0.084
1226 0.083
1227 0.081
1228 0.083
1229 0.085
1230 0.084
1231 0.083
1232 0.083
1233 0.085
1234 0.083
1235 0.084
1236 0.079
1237 0.084
1238 0.084
1239 0.085
1240 0.085
1241 0.081
1242 0.083
1243 0.1
1244 0.086
1245 0.085
1246 0.086
1247 0.084
1248 0.083
1249 0.085
1250 0.083
1251 0.085
1252 0.085
1253 0.085
1254 0.084
1255 0.086
1256 0.082
1257 0.082
1258 0.086
1259 0.104
1260 0.086
1261 0.086
1262 0.086
1263 0.087
1264 0.085
1265 0.087
1266 0.086
1267 0.086
1268 0.087
1269 0.087
1270 0.087
1271 0.089
1272 0.087
1273 0.082
1274 0.087
1275 0.087
1276 0.087
1277 0.087
1278 0.083
1279 0.087
1280 0.086
1281 0.086
1282 0.087
1283 0.087
1284 0.087
1285 0.087
1286 0.087
1287 0.087
1288 0.087
1289 0.088
1290 0.087
1291 0.088
1292 0.083
1293 0.084
1294 0.087
1295 0.088
1296 0.088
1297 0.084
1298 0.087
1299 0.087
1300 0.088
1301 0.089
1302 0.089
1303 0.088
1304 0.1
1305 0.088
1306 0.089
1307 0.089
1308 0.09
1309 0.089
1310 0.089
1311 0.086
1312 0.087
1313 0.089
1314 0.084
1315 0.09
1316 0.09
1317 0.089
1318 0.09
1319 0.1
1320 0.089
1321 0.09
1322 0.09
1323 0.091
1324 0.091
1325 0.09
1326 0.09
1327 0.091
1328 0.091
1329 0.093
1330 0.091
1331 0.091
1332 0.091
1333 0.091
1334 0.101
1335 0.092
1336 0.091
1337 0.091
1338 0.116
1339 0.09
1340 0.091
1341 0.091
1342 0.091
1343 0.092
1344 0.088
1345 0.092
1346 0.092
1347 0.091
1348 0.092
1349 0.091
1350 0.091
1351 0.092
1352 0.093
1353 0.092
1354 0.088
1355 0.091
1356 0.093
1357 0.093
1358 0.093
1359 0.091
1360 0.092
1361 0.09
1362 0.089
1363 0.106
1364 0.091
1365 0.093
1366 0.092
1367 0.094
1368 0.093
1369 0.094
1370 0.095
1371 0.093
1372 0.093
1373 0.093
1374 0.093
1375 0.094
1376 0.094
1377 0.093
1378 0.094
1379 0.096
1380 0.095
1381 0.095
1382 0.092
1383 0.095
1384 0.094
1385 0.09
1386 0.096
1387 0.095
1388 0.095
1389 0.095
1390 0.095
1391 0.096
1392 0.097
1393 0.095
1394 0.096
1395 0.095
1396 0.096
1397 0.095
1398 0.097
1399 0.096
1400 0.096
1401 0.096
1402 0.097
1403 0.091
1404 0.096
1405 0.096
1406 0.097
1407 0.096
1408 0.092
1409 0.096
1410 0.091
1411 0.096
1412 0.095
1413 0.097
1414 0.096
1415 0.096
1416 0.097
1417 0.097
1418 0.099
1419 0.098
1420 0.098
1421 0.097
1422 0.097
1423 0.115
1424 0.097
1425 0.097
1426 0.097
1427 0.097
1428 0.098
1429 0.099
1430 0.098
1431 0.094
1432 0.098
1433 0.098
1434 0.099
1435 0.098
1436 0.098
1437 0.099
1438 0.097
1439 0.098
1440 0.098
1441 0.099
1442 0.099
1443 0.099
1444 0.1
1445 0.099
1446 0.1
1447 0.114
1448 0.1
1449 0.1
1450 0.101
1451 0.1
1452 0.1
1453 0.101
1454 0.1
1455 0.1
1456 0.115
1457 0.101
1458 0.099
1459 0.1
1460 0.1
1461 0.101
1462 0.101
1463 0.101
1464 0.101
1465 0.097
1466 0.101
1467 0.101
1468 0.1
1469 0.096
1470 0.101
1471 0.102
1472 0.101
1473 0.101
1474 0.11
1475 0.101
1476 0.101
1477 0.101
1478 0.101
1479 0.102
1480 0.103
1481 0.103
1482 0.102
1483 0.102
1484 0.103
1485 0.102
1486 0.102
1487 0.101
1488 0.1
1489 0.1
1490 0.102
1491 0.104
1492 0.097
1493 0.104
1494 0.104
1495 0.104
1496 0.104
1497 0.104
1498 0.103
1499 0.102
1500 0.104
1501 0.103
1502 0.104
1503 0.098
1504 0.103
1505 0.102
1506 0.104
1507 0.104
1508 0.103
1509 0.105
1510 0.104
1511 0.105
1512 0.105
1513 0.105
1514 0.115
1515 0.105
1516 0.105
1517 0.104
1518 0.106
1519 0.105
1520 0.105
1521 0.102
1522 0.104
1523 0.106
1524 0.106
1525 0.106
1526 0.106
1527 0.119
1528 0.107
1529 0.106
1530 0.105
1531 0.105
1532 0.108
1533 0.1
1534 0.106
1535 0.105
1536 0.1
1537 0.106
1538 0.106
1539 0.105
1540 0.116
1541 0.107
1542 0.106
1543 0.109
1544 0.108
1545 0.108
1546 0.101
1547 0.107
1548 0.107
1549 0.101
1550 0.108
1551 0.102
1552 0.108
1553 0.12
1554 0.106
1555 0.108
1556 0.109
1557 0.109
1558 0.108
1559 0.108
1560 0.108
1561 0.107
1562 0.108
1563 0.107
1564 0.107
1565 0.109
1566 0.101
1567 0.108
1568 0.104
1569 0.107
1570 0.107
1571 0.109
1572 0.108
1573 0.108
1574 0.109
1575 0.108
1576 0.108
1577 0.11
1578 0.118
1579 0.104
1580 0.109
1581 0.102
1582 0.11
1583 0.11
1584 0.107
1585 0.105
1586 0.11
1587 0.11
1588 0.111
1589 0.11
1590 0.111
1591 0.122
1592 0.111
1593 0.112
1594 0.112
1595 0.11
1596 0.112
1597 0.11
1598 0.111
1599 0.11
1600 0.111
1601 0.11
1602 0.108
1603 0.111
1604 0.11
1605 0.111
1606 0.11
1607 0.112
1608 0.11
1609 0.111
1610 0.111
1611 0.105
1612 0.112
1613 0.112
1614 0.112
1615 0.111
1616 0.112
1617 0.111
1618 0.112
1619 0.112
1620 0.113
1621 0.111
1622 0.111
1623 0.113
1624 0.113
1625 0.113
1626 0.113
1627 0.114
1628 0.115
1629 0.108
1630 0.113
1631 0.11
1632 0.112
1633 0.114
1634 0.112
1635 0.113
1636 0.116
1637 0.114
1638 0.107
1639 0.114
1640 0.115
1641 0.113
1642 0.113
1643 0.114
1644 0.115
1645 0.115
1646 0.114
1647 0.114
1648 0.114
1649 0.114
1650 0.114
1651 0.115
1652 0.114
1653 0.116
1654 0.116
1655 0.116
1656 0.115
1657 0.114
1658 0.114
1659 0.115
1660 0.115
1661 0.115
1662 0.116
1663 0.114
1664 0.115
1665 0.115
1666 0.117
1667 0.115
1668 0.116
1669 0.115
1670 0.115
1671 0.11
1672 0.117
1673 0.115
1674 0.116
1675 0.118
1676 0.117
1677 0.116
1678 0.11
1679 0.117
1680 0.117
1681 0.116
1682 0.114
1683 0.117
1684 0.116
1685 0.117
1686 0.117
1687 0.117
1688 0.116
1689 0.119
1690 0.117
1691 0.117
1692 0.117
1693 0.117
1694 0.114
1695 0.118
1696 0.117
1697 0.118
1698 0.118
1699 0.119
1700 0.118
1701 0.12
1702 0.118
1703 0.121
1704 0.119
1705 0.119
1706 0.12
1707 0.118
1708 0.12
1709 0.118
1710 0.118
1711 0.119
1712 0.131
1713 0.117
1714 0.12
1715 0.119
1716 0.119
1717 0.12
1718 0.12
1719 0.121
1720 0.121
1721 0.12
1722 0.122
1723 0.12
1724 0.114
1725 0.113
1726 0.122
1727 0.121
1728 0.12
1729 0.12
1730 0.122
1731 0.119
1732 0.12
1733 0.119
1734 0.12
1735 0.122
1736 0.121
1737 0.121
1738 0.121
1739 0.115
1740 0.114
1741 0.116
1742 0.123
1743 0.12
1744 0.121
1745 0.123
1746 0.12
1747 0.136
1748 0.127
1749 0.122
1750 0.116
1751 0.123
1752 0.122
1753 0.115
1754 0.123
1755 0.117
1756 0.115
1757 0.123
1758 0.122
1759 0.114
1760 0.122
1761 0.123
1762 0.117
1763 0.124
1764 0.124
1765 0.118
1766 0.124
1767 0.123
1768 0.121
1769 0.122
1770 0.117
1771 0.118
1772 0.124
1773 0.124
1774 0.125
1775 0.124
1776 0.118
1777 0.126
1778 0.123
1779 0.125
1780 0.12
1781 0.137
1782 0.125
1783 0.118
1784 0.127
1785 0.127
1786 0.125
1787 0.125
1788 0.126
1789 0.125
1790 0.124
1791 0.126
1792 0.122
1793 0.125
1794 0.118
1795 0.125
1796 0.126
1797 0.125
1798 0.127
1799 0.127
1800 0.127
1801 0.126
1802 0.127
1803 0.119
1804 0.127
1805 0.127
1806 0.126
1807 0.124
1808 0.122
1809 0.124
1810 0.128
1811 0.126
1812 0.128
1813 0.127
1814 0.127
1815 0.127
1816 0.127
1817 0.126
1818 0.129
1819 0.121
1820 0.121
1821 0.121
1822 0.127
1823 0.126
1824 0.127
1825 0.127
1826 0.124
1827 0.128
1828 0.129
1829 0.129
1830 0.13
1831 0.125
1832 0.129
1833 0.129
1834 0.13
1835 0.12
1836 0.13
1837 0.129
1838 0.121
1839 0.128
1840 0.128
1841 0.128
1842 0.124
1843 0.13
1844 0.129
1845 0.129
1846 0.13
1847 0.132
1848 0.122
1849 0.131
1850 0.131
1851 0.129
1852 0.13
1853 0.129
1854 0.129
1855 0.13
1856 0.129
1857 0.131
1858 0.131
1859 0.13
1860 0.13
1861 0.13
1862 0.131
1863 0.132
1864 0.13
1865 0.125
1866 0.124
1867 0.132
1868 0.124
1869 0.132
1870 0.133
1871 0.129
1872 0.131
1873 0.131
1874 0.133
1875 0.131
1876 0.13
1877 0.132
1878 0.133
1879 0.131
1880 0.131
1881 0.132
1882 0.133
1883 0.133
1884 0.132
1885 0.132
1886 0.134
1887 0.134
1888 0.132
1889 0.134
1890 0.134
1891 0.143
1892 0.133
1893 0.133
1894 0.134
1895 0.132
1896 0.133
1897 0.134
1898 0.133
1899 0.134
1900 0.136
1901 0.138
1902 0.136
1903 0.132
1904 0.139
1905 0.135
1906 0.138
1907 0.138
1908 0.137
1909 0.137
1910 0.136
1911 0.137
1912 0.142
1913 0.138
1914 0.136
1915 0.132
1916 0.136
1917 0.137
1918 0.139
1919 0.136
1920 0.134
1921 0.138
1922 0.148
1923 0.136
1924 0.14
1925 0.138
1926 0.139
1927 0.139
1928 0.137
1929 0.139
1930 0.139
1931 0.139
1932 0.131
1933 0.142
1934 0.139
1935 0.135
1936 0.138
1937 0.14
1938 0.138
1939 0.139
1940 0.14
1941 0.133
1942 0.138
1943 0.138
1944 0.138
1945 0.138
1946 0.139
1947 0.138
1948 0.139
1949 0.138
1950 0.138
1951 0.136
1952 0.137
1953 0.139
1954 0.138
1955 0.14
1956 0.14
1957 0.14
1958 0.14
1959 0.132
1960 0.132
1961 0.139
1962 0.139
1963 0.149
1964 0.139
1965 0.139
1966 0.132
1967 0.142
1968 0.142
1969 0.143
1970 0.142
1971 0.141
1972 0.134
1973 0.157
1974 0.141
1975 0.136
1976 0.14
1977 0.138
1978 0.141
1979 0.142
1980 0.141
1981 0.141
1982 0.141
1983 0.141
1984 0.141
1985 0.141
1986 0.14
1987 0.14
1988 0.142
1989 0.141
1990 0.142
1991 0.142
1992 0.142
1993 0.142
1994 0.143
1995 0.144
1996 0.143
1997 0.137
1998 0.139
1999 0.142
2000 0.141
2001 0.142
2002 0.141
2003 0.142
2004 0.143
2005 0.139
2006 0.143
2007 0.144
2008 0.136
2009 0.143
2010 0.143
2011 0.145
2012 0.145
2013 0.145
2014 0.145
2015 0.143
2016 0.144
2017 0.143
2018 0.143
2019 0.146
2020 0.146
2021 0.146
2022 0.139
2023 0.173
2024 0.144
2025 0.136
2026 0.145
2027 0.148
2028 0.145
2029 0.147
2030 0.139
2031 0.148
2032 0.145
2033 0.155
2034 0.145
2035 0.148
2036 0.149
2037 0.148
2038 0.147
2039 0.147
2040 0.147
2041 0.145
2042 0.144
2043 0.146
2044 0.146
2045 0.146
2046 0.146
2047 0.147
